CID,a
1,6.0611
2,6.0788
3,5.5784
4,5.6094
5,5.1306
6,4.8152
7,5.4552
8,5.5615
9,6.9121
10,6.2716
11,5.888
12,6.1183
13,5.8414
14,5.8615
15,5.0111
16,4.6991
17,5.2706
18,5.2789
19,5.2491
20,5.1262
21,4.5581
22,4.6951
23,5.787
24,5.5799
25,4.7237
26,5.3264
27,5.8002
28,5.6327
29,6.2091
30,6.2396
31,4.7517
32,4.8935
33,5.5866
34,5.6198
35,5.2999
36,5.3895
37,4.5736
38,5.0439
39,5.4527
40,5.2582
41,6.242
42,6.1192
43,5.1822
44,5.1861
45,6.1418
46,5.6592
47,5.575
48,5.4839
49,4.7489
50,5.075
51,5.1154
52,4.8924
53,5.851
54,5.7867
55,5.5644
56,5.3267
57,5.552
58,4.9902
59,5.8349
60,5.935
61,5.9428
62,5.2553
63,5.7002
64,5.9439
65,5.8888
66,5.8921
67,5.9302
68,6.3086
69,5.654
70,5.8286
71,5.5054
72,5.7322
73,5.0308
74,5.4054
75,6.4355
76,5.7094
77,6.3951
78,6.5805
79,6.5828
80,6.5778
81,5.7787
82,5.833
83,6.0026
84,5.9788
85,4.8858
86,5.3297
87,6.0829
88,5.2428
89,4.7345
90,4.5839
91,6.3834
92,5.179
93,6.162
94,6.1475
95,5.2981
96,5.3129
97,4.4038
98,4.9365
99,6.1576
100,5.5434
101,4.9437
102,4.4274
103,5.3986
104,5.6795
105,5.6025
106,5.5361
107,4.6347
108,5.1957
109,5.2515
110,5.5832
111,5.1234
112,5.278
113,6.0336
114,6.1541
115,6.6096
116,6.2255
117,6.2991
118,6.304
119,5.685
120,5.887
121,5.1994
122,4.9976
123,5.3843
124,5.4618
125,6.1937
126,5.6208
127,5.6639
128,5.9163
129,5.476
130,5.4228
131,5.151
132,5.1769
133,5.213
134,4.9195
135,5.5089
136,5.6517
137,5.4243
138,5.3591
139,5.3015
140,5.4209
141,5.489
142,5.5519
143,6.0669
144,5.5814
145,5.9881
146,5.4563
147,5.0391
148,5.5322
149,6.0618
150,5.8634
151,5.3194
152,5.1216
153,4.8705
154,5.5449
155,4.8549
156,5.158
157,5.5577
158,5.6864
159,5.3157
160,5.2062
161,4.6146
162,4.588
163,5.5783
164,5.7226
165,4.8484
166,4.7735
167,5.6667
168,5.9572
169,5.3973
170,5.184
171,6.3044
172,5.9647
173,4.1987
174,4.3422
175,6.1404
176,6.115
177,5.9035
178,5.6927
179,5.7751
180,6.0724
181,5.9963
182,5.5041
183,5.6833
184,5.1952
185,6.448
186,6.4493
187,5.2445
188,5.0285
189,4.901
190,5.5589
191,5.706
192,4.8069
193,5.4584
194,5.3848
195,5.4246
196,5.6269
197,5.87
198,5.7214
199,4.9155
200,4.806
201,5.2266
202,5.4147
203,5.6476
204,5.8207
205,5.5985
206,5.4925
207,5.7015
208,5.2988
209,5.6204
210,5.5113
211,6.2176
212,6.1602
213,6.0932
214,6.1879
215,5.2713
216,5.7179
217,5.2052
218,5.2809
219,5.9001
220,6.0392
221,5.7344
222,5.3982
223,5.6149
224,5.9538
225,5.408
226,5.9132
227,5.7586
228,5.8485
229,5.8015
230,6.1303
231,6.9131
232,6.3324
233,4.7585
234,4.8761
235,5.4916
236,5.6267
237,5.7937
238,5.6442
239,5.8704
240,6.3736
241,5.3876
242,5.3169
243,4.8463
244,4.8246
245,5.834
246,5.7326
247,5.3541
248,5.3591
249,5.2879
250,5.1542
251,5.9929
252,5.9884
253,4.3252
254,4.8731
255,6.6854
256,6.5566
257,5.48
258,5.9849
259,5.6749
260,5.4334
261,5.9107
262,5.9898
263,5.1985
264,5.6732
265,5.7648
266,5.4873
267,5.2782
268,5.2853
269,5.5792
270,5.8325
271,6.0583
272,5.8869
273,4.8904
274,5.3106
275,4.8175
276,5.4681
277,5.0592
278,5.2986
279,5.8905
280,5.7432
281,5.3723
282,5.7136
283,4.6722
284,4.5504
285,5.9836
286,6.0518
287,5.3
288,5.3355
289,6.0618
290,6.3419
291,6.1935
292,6.2404
293,5.921
294,5.7786
295,6.3857
296,5.8774
297,5.1878
298,5.2685
299,5.8974
300,5.5808
301,5.9893
302,5.8604
303,5.0848
304,5.062
305,5.6112
306,5.5133
307,5.1149
308,5.2799
309,5.8399
310,6.0246
311,6.7606
312,6.6378
313,5.779
314,5.9228
315,5.18
316,5.4229
317,4.7113
318,4.6714
319,4.9362
320,5.2434
321,5.9496
322,6.0132
323,5.3643
324,5.5414
325,5.0033
326,5.1418
327,5.8581
328,6.2861
329,6.1591
330,5.9351
331,5.5204
332,5.3102
333,5.3668
334,5.3635
335,5.6868
336,5.4133
337,4.7721
338,4.897
339,5.5399
340,5.3242
341,5.2367
342,5.2535
343,5.6735
344,5.7151
345,5.7292
346,5.7927
347,5.5696
348,5.5457
349,5.5937
350,5.456
351,5.7455
352,5.848
353,5.3756
354,5.4189
355,5.4341
356,5.6717
357,4.9641
358,5.4094
359,5.6522
360,5.6098
361,5.8728
362,5.6628
363,5.129
364,5.3772
365,4.5766
366,4.8117
367,5.1385
368,5.5304
369,5.1446
370,5.3715
371,6.0227
372,5.4239
373,6.0901
374,6.0228
375,5.3785
376,5.0525
377,5.7025
378,6.1518
379,6.1426
380,5.676
381,5.2577
382,5.0767
383,5.6476
384,5.7938
385,5.2709
386,4.9981
387,5.6795
388,5.668
389,6.0078
390,5.5216
391,5.6284
392,5.4688
393,5.7053
394,5.784
395,5.5622
396,6.0001
397,5.5744
398,5.1084
399,6.1323
400,6.2063
401,5.6059
402,5.5285
403,5.9496
404,5.6723
405,6.227
406,5.6886
407,4.507
408,5.1941
409,5.7492
410,5.631
411,5.7651
412,5.9464
413,5.658
414,5.6168
415,5.1985
416,5.2654
417,5.1977
418,5.2005
419,5.5135
420,5.4985
421,5.195
422,5.1065
423,6.0778
424,6.2697
425,5.1636
426,5.0641
427,5.5427
428,5.7124
429,4.7347
430,5.1581
431,5.8322
432,6.0245
433,4.6576
434,5.4341
435,6.1086
436,6.1199
437,5.608
438,5.6078
439,5.6989
440,5.7295
441,5.5111
442,5.5037
443,5.2874
444,5.2901
445,5.0029
446,5.6144
447,5.7444
448,5.6346
449,5.612
450,5.6192
451,5.2497
452,5.3591
453,5.2766
454,4.8515
455,5.9506
456,5.8163
457,5.8844
458,5.8862
459,5.4424
460,5.4097
461,5.6076
462,5.4109
463,5.3315
464,5.6435
465,5.2953
466,4.9644
467,5.4401
468,5.2086
469,5.7733
470,6.1426
471,5.402
472,5.1943
473,5.9155
474,5.8356
475,5.1079
476,5.433
477,6.0326
478,6.1527
479,5.5484
480,5.2825
481,5.9827
482,5.8281
483,5.6474
484,5.627
485,5.6742
486,6.1776
487,4.966
488,4.2633
489,6.767
490,6.8252
491,5.1754
492,5.186
493,5.333
494,4.5924
495,5.6215
496,5.7446
497,4.777
498,5.3721
499,5.8241
500,5.6163
501,6.303
502,6.4766
503,5.1134
504,5.1138
505,5.2965
506,5.3656
507,5.547
508,5.5457
509,5.133
510,5.3347
511,5.5248
512,5.6316
513,5.3501
514,4.3004
515,5.5752
516,5.7096
517,5.1729
518,5.3109
519,5.8549
520,6.0598
521,5.3672
522,5.5274
523,5.4223
524,5.1875
525,5.4969
526,5.5556
527,5.154
528,5.123
529,6.1906
530,6.1985
531,5.6533
532,5.6046
533,5.0296
534,4.9003
535,4.6181
536,4.7825
537,5.6356
538,5.6015
539,5.2106
540,5.1275
541,5.3109
542,5.4077
543,4.4982
544,5.39
545,5.4346
546,5.6038
547,5.5956
548,5.8221
549,5.8951
550,5.5639
551,5.3439
552,5.6634
553,5.4242
554,5.1758
555,5.3418
556,5.2113
557,5.7011
558,6.1324
559,5.1946
560,5.1787
561,5.864
562,6.193
563,4.831
564,4.7212
565,5.6905
566,5.5122
567,5.9383
568,5.6964
569,6.0657
570,5.5451
571,5.0362
572,5.2026
573,5.6074
574,5.9415
575,5.4569
576,5.3218
577,5.8214
578,6.1179
579,4.96
580,5.6321
581,5.4649
582,5.7593
583,5.7324
584,5.6902
585,4.7568
586,4.814
587,6.1241
588,6.1963
589,5.1039
590,5.0459
591,5.118
592,5.5475
593,5.7111
594,5.7947
595,6.6189
596,6.6084
597,5.9555
598,5.9972
599,6.0493
600,6.4662
601,4.632
602,5.5162
603,6.0585
604,5.9833
605,5.4571
606,5.2215
607,5.0682
608,4.7658
609,5.5253
610,5.4451
611,5.491
612,5.5191
613,5.4909
614,5.2765
615,5.8848
616,5.8876
617,5.6114
618,5.5513
619,5.9849
620,6.054
621,5.4897
622,4.9745
623,5.0264
624,4.9573
625,4.8471
626,5.6627
627,5.5193
628,5.3273
629,5.9171
630,5.6913
631,5.2164
632,5.2762
633,5.6181
634,5.7386
635,4.7033
636,4.823
637,4.4098
638,4.3865
639,6.2536
640,6.3512
641,5.3229
642,5.4209
643,5.5734
644,5.576
645,5.3712
646,5.4668
647,5.9011
648,5.8615
649,5.9576
650,6.4177
651,4.869
652,5.5903
653,4.0171
654,5.5453
655,5.5583
656,5.0744
657,6.1982
658,5.6904
659,5.8346
660,5.8423
661,6.0365
662,6.0684
663,5.7947
664,5.8941
665,5.9047
666,5.9555
667,4.7695
668,5.15
669,5.4404
670,5.632
671,5.6079
672,5.2164
673,5.6708
674,5.4839
675,5.7318
676,5.8222
677,5.4877
678,5.5493
679,5.4141
680,5.3295
681,5.6702
682,5.2422
683,5.4583
684,5.1818
685,4.7039
686,4.703
687,6.3975
688,6.201
689,5.1335
690,5.7284
691,6.0147
692,6.1508
693,5.6123
694,5.4029
695,5.744
696,5.8101
697,5.7303
698,4.842
699,5.8151
700,5.1474
701,6.099
702,5.8368
703,5.4028
704,5.1845
705,5.4284
706,5.5734
707,5.3212
708,5.0665
709,5.464
710,5.3623
711,5.5148
712,5.6228
713,6.2384
714,6.077
715,4.8359
716,5.0307
717,5.7619
718,5.7428
719,5.4971
720,5.8051
721,4.3096
722,4.8796
723,5.7373
724,5.8069
725,5.3943
726,5.4185
727,5.4762
728,5.3915
729,5.3603
730,5.0809
731,5.4954
732,5.0318
733,5.2413
734,5.2437
735,6.0134
736,5.1169
737,5.8034
738,5.581
739,6.8825
740,6.9905
741,6.1189
742,6.2615
743,5.1719
744,5.3247
745,5.1546
746,4.922
747,5.026
748,5.455
749,6.1948
750,6.2362
751,5.6383
752,5.7534
753,6.3518
754,6.5148
755,5.6468
756,5.6886
757,5.7321
758,5.7212
759,5.654
760,6.0812
761,5.1363
762,5.1395
763,4.4748
764,4.3712
765,5.6619
766,5.5578
767,5.648
768,5.6454
769,5.3256
770,5.9925
771,5.4871
772,5.736
773,5.5645
774,5.6128
775,5.6074
776,6.2113
777,5.6695
778,5.6384
779,5.4649
780,5.8603
781,5.8998
782,6.1396
783,4.9036
784,4.9882
785,4.7586
786,4.4515
787,5.2149
788,5.3352
789,5.2087
790,5.6722
791,5.1508
792,5.2222
793,5.6452
794,5.5685
795,5.9956
796,6.0962
797,5.5646
798,6.0316
799,6.1008
800,6.0322
801,5.2643
802,5.6587
803,4.5667
804,4.5355
805,6.1147
806,5.6294
807,5.3023
808,5.2163
809,5.1265
810,4.5022
811,4.9966
812,4.842
813,5.9543
814,5.415
815,5.6128
816,5.3409
817,5.4748
818,5.2
819,5.3066
820,5.1536
821,5.0549
822,5.4761
823,5.7365
824,6.4632
825,6.2374
826,5.3574
827,5.2893
828,5.1993
829,5.5263
830,5.2762
831,5.0952
832,5.1896
833,5.8673
834,5.9101
835,6.651
836,6.4778
837,6.6508
838,6.4447
839,5.3558
840,5.5804
841,5.9132
842,5.97
843,6.1456
844,6.0052
845,5.0423
846,5.0554
847,5.0446
848,4.9969
849,5.2216
850,5.2232
851,5.1032
852,5.021
853,5.7121
854,5.2323
855,5.5891
856,5.6663
857,5.8126
858,5.5895
859,6.2515
860,6.2015
861,5.0415
862,4.8655
863,4.9799
864,5.3027
865,5.5434
866,5.8155
867,5.4643
868,5.6456
869,5.4777
870,5.2574
871,5.5405
872,5.4773
873,5.2347
874,4.996
875,5.7006
876,5.4219
877,5.6721
878,5.8039
879,5.8954
880,5.3274
881,6.4364
882,6.5651
883,5.202
884,4.9922
885,5.704
886,5.7599
887,4.9991
888,5.1197
889,6.0478
890,6.1267
891,5.7146
892,5.8784
893,4.9323
894,5.1823
895,5.5875
896,5.83
897,5.4663
898,5.4656
899,6.1745
900,6.2398
901,5.2691
902,5.4381
903,5.6981
904,5.6071
905,5.477
906,5.5824
907,4.6437
908,5.5267
909,5.3912
910,5.1998
911,5.4176
912,5.1097
913,5.7741
914,5.2865
915,5.4933
916,5.7467
917,5.3297
918,5.2255
919,5.2103
920,5.5695
921,4.7933
922,4.522
923,6.1655
924,5.7825
925,5.1641
926,4.6974
927,5.5312
928,5.3217
929,5.5362
930,5.4906
931,5.805
932,6.0223
933,4.8838
934,5.054
935,5.6222
936,5.6787
937,5.2226
938,5.7191
939,6.0474
940,6.0021
941,5.7817
942,5.5043
943,5.4229
944,4.8489
945,5.8677
946,5.7292
947,5.8498
948,5.9003
949,4.9807
950,5.1049
951,5.5484
952,5.6123
953,5.3562
954,5.1925
955,6.3392
956,6.0166
957,5.9469
958,5.8989
959,5.9792
960,6.1712
961,5.4766
962,5.4776
963,5.789
964,5.8426
965,5.7188
966,5.0841
967,5.3483
968,5.3573
969,4.8957
970,4.9886
971,4.8862
972,4.7119
973,5.4077
974,5.251
975,6.0844
976,5.8984
977,6.1802
978,6.4107
979,5.2052
980,5.3671
981,5.1611
982,5.0347
983,5.8972
984,5.9161
985,5.2706
986,5.5497
987,5.4799
988,5.4249
989,5.0663
990,5.46
991,5.6393
992,5.6474
993,6.0475
994,6.0565
995,5.7618
996,6.0344
997,5.8332
998,5.9307
999,5.0923
1000,5.238
1001,5.2811
1002,5.3422
1003,5.1949
1004,4.9011
1005,4.8613
1006,5.4811
1007,4.7736
1008,4.7736
1009,5.8851
1010,5.8751
1011,5.3599
1012,5.583
1013,5.3301
1014,4.9047
1015,5.3486
1016,5.2362
1017,5.816
1018,6.1381
1019,5.4003
1020,5.1769
1021,5.8614
1022,5.9945
1023,5.8385
1024,5.9019
1025,5.5623
1026,4.9871
1027,5.8066
1028,5.7487
1029,5.1202
1030,5.3684
1031,5.2299
1032,5.6492
1033,5.6518
1034,5.9585
1035,5.7403
1036,5.9481
1037,5.6211
1038,5.955
1039,6.0693
1040,5.2132
1041,5.6698
1042,5.8407
1043,5.8361
1044,5.8424
1045,4.5213
1046,4.1533
1047,5.1009
1048,5.0801
1049,6.1517
1050,5.6836
1051,5.2822
1052,5.0755
1053,5.2882
1054,5.5911
1055,6.339
1056,6.3732
1057,5.3462
1058,5.6061
1059,5.5327
1060,5.4094
1061,5.9033
1062,5.9225
1063,5.8274
1064,5.715
1065,4.9784
1066,5.1712
1067,5.2734
1068,5.5623
1069,5.7224
1070,5.9162
1071,5.3815
1072,5.3068
1073,5.3623
1074,5.2363
1075,4.8301
1076,5.0272
1077,5.5409
1078,5.3827
1079,5.2689
1080,5.438
1081,5.3712
1082,5.7214
1083,4.8375
1084,5.4725
1085,7.0949
1086,7.1315
1087,5.5667
1088,5.3565
1089,5.8445
1090,5.8167
1091,5.4238
1092,5.4885
1093,5.6677
1094,5.3594
1095,6.4265
1096,5.8809
1097,5.5265
1098,5.2786
1099,5.5919
1100,5.5979
1101,4.9849
1102,4.7707
1103,5.6253
1104,5.3939
1105,6.014
1106,5.9771
1107,5.6362
1108,5.8785
1109,5.5055
1110,4.8908
1111,5.2258
1112,5.144
1113,5.8605
1114,5.3385
1115,5.7747
1116,5.7151
1117,6.1103
1118,6.4906
1119,5.4156
1120,5.3899
1121,4.8665
1122,4.9159
1123,5.5262
1124,5.7878
1125,4.6671
1126,4.6931
1127,6.0082
1128,5.929
1129,5.4886
1130,5.7039
1131,4.91
1132,5.2815
1133,5.5486
1134,5.7852
1135,6.398
1136,6.1893
1137,5.2751
1138,5.1795
1139,5.8457
1140,5.3469
1141,6.3825
1142,6.1101
1143,5.5459
1144,5.353
1145,5.3498
1146,5.4581
1147,5.9381
1148,5.9399
1149,5.7345
1150,5.6869
1151,5.5128
1152,5.5011
1153,5.4884
1154,5.1521
1155,5.5325
1156,6.0152
1157,5.673
1158,5.3076
1159,5.5943
1160,5.3253
1161,6.1651
1162,6.2209
1163,5.1067
1164,5.172
1165,5.4165
1166,5.2009
1167,5.2773
1168,5.48
1169,5.1162
1170,5.4223
1171,5.1779
1172,5.3987
1173,5.7053
1174,5.6256
1175,5.1106
1176,4.9607
1177,5.3218
1178,5.4601
1179,5.7217
1180,5.4575
1181,5.805
1182,5.8038
1183,5.792
1184,5.8754
1185,5.0587
1186,5.4089
1187,5.4666
1188,5.6043
1189,5.4749
1190,5.5759
1191,5.388
1192,5.3819
1193,5.4875
1194,5.1053
1195,5.3439
1196,5.6138
1197,5.6168
1198,5.5307
1199,5.1113
1200,5.1697
1201,6.1008
1202,6.4277
1203,4.9724
1204,5.2782
1205,5.3592
1206,5.5184
1207,5.8665
1208,5.8681
1209,4.9931
1210,5.2272
1211,6.0145
1212,5.9949
1213,5.623
1214,5.2195
1215,4.7836
1216,5.0059
1217,5.0973
1218,5.0956
1219,6.014
1220,6.048
1221,6.284
1222,6.0053
1223,5.4202
1224,4.7296
1225,5.6454
1226,5.6492
1227,6.0257
1228,5.6949
1229,5.2754
1230,5.4953
1231,4.583
1232,4.9165
1233,4.4918
1234,4.6467
1235,5.4617
1236,5.8275
1237,5.5873
1238,5.4728
1239,5.8426
1240,5.7078
1241,5.5837
1242,5.5221
1243,5.4764
1244,5.388
1245,5.8592
1246,5.1289
1247,5.6196
1248,5.2923
1249,5.2927
1250,5.6473
1251,5.3806
1252,5.2714
1253,4.9126
1254,4.8802
1255,4.9793
1256,5.5918
1257,5.6273
1258,5.1273
1259,5.5058
1260,6.3191
1261,5.4253
1262,5.7531
1263,5.8447
1264,5.9454
1265,5.5553
1266,5.3543
1267,5.0385
1268,5.2058
1269,5.3011
1270,5.4195
1271,4.9498
1272,5.3399
1273,5.1404
1274,5.377
1275,5.6525
1276,5.64
1277,5.907
1278,6.0
1279,5.7162
1280,5.2583
1281,5.2263
1282,5.2932
1283,5.8514
1284,5.5977
1285,5.5418
1286,5.6278
1287,5.1117
1288,5.125
1289,5.9213
1290,5.8896
1291,5.0837
1292,5.0008
1293,5.6654
1294,5.2626
1295,6.0481
1296,5.981
1297,5.5812
1298,5.58
1299,4.7121
1300,4.9657
1301,6.4053
1302,6.4686
1303,5.3665
1304,5.6645
1305,4.9284
1306,5.0826
1307,5.2433
1308,5.2864
1309,4.8391
1310,4.8177
1311,5.7331
1312,5.4946
1313,5.9896
1314,6.0989
1315,4.9274
1316,4.6744
1317,5.24
1318,5.4115
1319,5.076
1320,5.0609
1321,5.4892
1322,5.542
1323,5.3789
1324,5.4155
1325,5.0566
1326,6.0071
1327,5.0991
1328,4.6937
1329,5.6933
1330,5.6179
1331,5.6559
1332,5.8703
1333,5.444
1334,5.4448
1335,5.5832
1336,5.636
1337,5.5854
1338,5.1244
1339,5.6904
1340,5.5614
1341,5.7391
1342,5.2939
1343,5.8085
1344,6.0723
1345,4.9302
1346,4.9325
1347,6.7343
1348,6.7456
1349,5.7142
1350,5.1239
1351,5.6281
1352,5.8281
1353,5.6675
1354,5.5101
1355,5.1835
1356,5.4635
1357,5.8319
1358,5.7417
1359,5.2518
1360,5.479
1361,5.985
1362,5.7198
1363,4.887
1364,5.9726
1365,5.3285
1366,5.7686
1367,5.2455
1368,5.2254
1369,5.6828
1370,5.4667
1371,5.7837
1372,6.3175
1373,4.7498
1374,4.7568
1375,6.3313
1376,5.7311
1377,4.8835
1378,5.073
1379,4.6784
1380,4.8555
1381,5.7479
1382,5.8587
1383,5.1206
1384,5.8064
1385,6.0278
1386,5.9669
1387,5.8632
1388,5.8317
1389,5.4097
1390,5.9039
1391,4.8795
1392,4.9913
1393,5.3866
1394,5.2635
1395,5.2643
1396,5.4185
1397,5.3367
1398,5.8224
1399,5.4301
1400,5.2586
1401,5.6744
1402,5.5704
1403,5.0139
1404,5.756
1405,6.2603
1406,5.6316
1407,5.147
1408,5.207
1409,5.3362
1410,5.6762
1411,5.4311
1412,5.4192
1413,5.873
1414,5.4776
1415,6.5832
1416,6.3373
1417,6.1185
1418,4.8776
1419,6.6931
1420,6.693
1421,5.7247
1422,5.6429
1423,6.1521
1424,5.9437
1425,5.8543
1426,5.7211
1427,5.2213
1428,5.0257
1429,5.3038
1430,5.2397
1431,5.4052
1432,4.8806
1433,5.4958
1434,5.5045
1435,6.2499
1436,5.7251
1437,5.1937
1438,5.2619
1439,5.6714
1440,5.9264
1441,6.0236
1442,5.8885
1443,5.4605
1444,5.4424
1445,5.127
1446,5.2874
1447,5.8018
1448,5.4695
1449,6.0354
1450,6.0344
1451,5.3651
1452,5.2818
1453,5.939
1454,5.7859
1455,6.0026
1456,6.0361
1457,5.3045
1458,5.5458
1459,5.077
1460,4.8812
1461,5.4268
1462,5.6259
1463,6.0585
1464,6.0799
1465,5.4941
1466,5.5246
1467,5.4598
1468,5.9094
1469,5.7108
1470,5.741
1471,5.3987
1472,5.4979
1473,4.8788
1474,5.0521
1475,5.564
1476,5.6454
1477,5.7091
1478,5.604
1479,5.2429
1480,5.5045
1481,5.7529
1482,5.75
1483,5.5844
1484,5.5368
1485,6.1203
1486,6.2161
1487,5.9171
1488,5.9006
1489,4.6009
1490,5.1269
1491,5.4531
1492,5.4601
1493,6.093
1494,5.853
1495,5.8088
1496,5.9828
1497,5.6042
1498,5.7037
1499,5.9571
1500,5.8194
1501,5.3311
1502,5.3854
1503,5.3868
1504,5.6401
1505,5.4814
1506,5.6506
1507,4.8829
1508,4.7676
1509,5.9207
1510,6.026
1511,5.2659
1512,5.186
1513,6.3092
1514,5.7591
1515,5.8833
1516,5.9816
1517,6.108
1518,5.9914
1519,5.5732
1520,6.2593
1521,5.7112
1522,5.4874
1523,5.6525
1524,5.9419
1525,6.0963
1526,6.9431
1527,5.4745
1528,5.5099
1529,5.648
1530,5.357
1531,5.6269
1532,5.5247
1533,5.8709
1534,5.8672
1535,4.9415
1536,4.8583
1537,5.3815
1538,5.4589
1539,5.5137
1540,5.2575
1541,5.7743
1542,5.5078
1543,5.9869
1544,5.7606
1545,5.5261
1546,5.8288
1547,5.3799
1548,5.7221
1549,5.1627
1550,5.1761
1551,4.8693
1552,4.8606
1553,5.9802
1554,5.814
1555,5.3971
1556,5.6488
1557,6.2693
1558,6.1962
1559,5.4572
1560,5.3862
1561,5.3519
1562,5.6388
1563,5.4132
1564,5.3521
1565,5.6881
1566,5.7108
1567,5.1348
1568,5.2649
1569,5.4084
1570,5.3337
1571,4.6301
1572,5.5531
1573,5.4424
1574,5.4767
1575,5.6648
1576,5.5799
1577,5.9826
1578,6.1435
1579,5.7496
1580,5.7243
1581,6.0864
1582,5.9754
1583,5.6755
1584,5.6335
1585,5.4174
1586,5.2159
1587,5.8191
1588,5.718
1589,5.7671
1590,5.4198
1591,5.8725
1592,5.8527
1593,5.2344
1594,5.114
1595,6.0736
1596,6.2798
1597,5.3301
1598,5.1435
1599,5.8139
1600,5.0936
1601,5.6685
1602,5.746
1603,5.4596
1604,5.4382
1605,6.093
1606,5.9179
1607,5.6219
1608,5.5764
1609,5.1751
1610,4.9093
1611,5.7298
1612,5.6757
1613,5.5658
1614,5.3201
1615,5.9994
1616,6.0214
1617,5.8148
1618,5.4924
1619,5.2714
1620,5.4675
1621,5.3369
1622,5.3259
1623,4.642
1624,5.1703
1625,5.2535
1626,5.4826
1627,5.2339
1628,5.0796
1629,5.1279
1630,4.8273
1631,5.8801
1632,6.151
1633,6.5555
1634,6.586
1635,5.706
1636,5.656
1637,5.0718
1638,5.0458
1639,5.0419
1640,5.0425
1641,5.9032
1642,5.7484
1643,5.0595
1644,5.1732
1645,5.6866
1646,5.822
1647,7.379
1648,7.3707
1649,6.7564
1650,6.8785
1651,5.4578
1652,5.475
1653,5.8989
1654,5.7166
1655,5.3881
1656,5.7407
1657,5.2971
1658,5.081
1659,6.3255
1660,6.1785
1661,5.0158
1662,4.8314
1663,4.6991
1664,4.6596
1665,5.324
1666,5.4344
1667,5.1714
1668,5.1998
1669,5.509
1670,5.2748
1671,5.8925
1672,5.6918
1673,5.7132
1674,5.7622
1675,5.0698
1676,5.0757
1677,5.3163
1678,5.5828
1679,6.1043
1680,6.2187
1681,5.4175
1682,5.5425
1683,5.9272
1684,5.7028
1685,5.0723
1686,5.2858
1687,5.9766
1688,6.1457
1689,5.2597
1690,4.5323
1691,5.5092
1692,5.5664
1693,5.2626
1694,4.8731
1695,5.4584
1696,6.1274
1697,5.106
1698,5.4197
1699,5.7148
1700,5.1268
1701,5.4048
1702,5.6068
1703,5.2817
1704,5.9208
1705,5.6275
1706,5.7441
1707,5.4392
1708,4.5982
1709,6.2688
1710,6.3625
1711,5.9195
1712,5.8003
1713,5.282
1714,5.4209
1715,4.9535
1716,4.9902
1717,6.0298
1718,6.2046
1719,5.8152
1720,6.2258
1721,5.103
1722,5.0453
1723,6.0043
1724,5.9491
1725,5.3992
1726,5.5562
1727,6.108
1728,6.0972
1729,5.2497
1730,5.4385
1731,6.0062
1732,5.8513
1733,5.7274
1734,5.8892
1735,5.4223
1736,5.4944
1737,5.6973
1738,5.2831
1739,5.3012
1740,5.2271
1741,5.909
1742,5.8494
1743,5.9184
1744,5.7454
1745,5.4089
1746,5.2543
1747,5.7418
1748,5.6688
1749,5.8778
1750,6.1837
1751,6.162
1752,5.9401
1753,5.5697
1754,6.0514
1755,5.1982
1756,5.213
1757,4.993
1758,5.6327
1759,5.0233
1760,5.3064
1761,5.4793
1762,5.1218
1763,6.5189
1764,6.2346
1765,5.7845
1766,5.7605
1767,5.4412
1768,5.0644
1769,4.4498
1770,4.5999
1771,6.0106
1772,5.8553
1773,5.3943
1774,5.3732
1775,5.169
1776,5.1687
1777,6.2592
1778,6.0404
1779,5.4082
1780,5.371
1781,5.4716
1782,5.7985
1783,4.984
1784,5.7176
1785,5.6371
1786,5.5227
1787,4.8095
1788,5.0642
1789,4.537
1790,4.7047
1791,5.3489
1792,5.281
1793,5.9887
1794,5.6703
1795,5.1561
1796,5.062
1797,5.1352
1798,4.8527
1799,5.1343
1800,5.278
1801,5.3659
1802,5.5857
1803,6.4423
1804,5.4661
1805,6.1151
1806,6.2185
1807,4.7655
1808,5.0095
1809,6.1807
1810,5.8521
1811,5.7863
1812,5.8584
1813,5.3301
1814,5.0642
1815,5.6884
1816,5.1203
1817,5.2086
1818,5.1711
1819,6.5951
1820,6.4752
1821,5.4125
1822,5.1155
1823,5.5846
1824,4.9722
1825,5.5024
1826,5.1472
1827,5.1574
1828,5.2037
1829,5.8628
1830,6.081
1831,5.5388
1832,5.5108
1833,6.0821
1834,6.2248
1835,5.6861
1836,5.7009
1837,5.9661
1838,6.0111
1839,6.1465
1840,6.1452
1841,5.5897
1842,5.5879
1843,5.828
1844,6.2396
1845,4.8254
1846,5.5382
1847,5.6601
1848,5.7269
1849,5.3148
1850,5.6483
1851,5.6915
1852,5.8445
1853,6.6104
1854,6.3094
1855,5.4988
1856,5.4878
1857,4.7511
1858,5.1803
1859,5.1867
1860,5.2279
1861,5.9664
1862,5.9957
1863,5.5002
1864,5.5002
1865,4.8889
1866,5.0718
1867,5.1744
1868,5.1526
1869,5.998
1870,5.962
1871,4.9372
1872,5.4517
1873,5.1622
1874,5.1768
1875,5.2265
1876,4.8619
1877,5.2696
1878,5.1952
1879,5.5339
1880,5.4391
1881,5.5759
1882,5.6356
1883,5.2663
1884,5.1548
1885,5.112
1886,5.116
1887,5.634
1888,5.7471
1889,5.3196
1890,5.4191
1891,5.6531
1892,5.6132
1893,5.9304
1894,5.7366
1895,5.0479
1896,4.7034
1897,5.6022
1898,5.6833
1899,5.2261
1900,5.3236
1901,5.4738
1902,5.2536
1903,5.1549
1904,5.0175
1905,5.4843
1906,5.4198
1907,5.2652
1908,5.4449
1909,5.5534
1910,5.5523
1911,5.3189
1912,5.4108
1913,5.2748
1914,5.0665
1915,5.0129
1916,5.9128
1917,5.479
1918,5.4254
1919,5.5523
1920,5.8199
1921,5.2187
1922,4.9038
1923,4.5143
1924,4.4658
1925,5.4906
1926,5.3659
1927,5.0937
1928,4.9167
1929,5.5537
1930,5.2215
1931,5.9588
1932,5.3529
1933,5.1647
1934,5.461
1935,5.6716
1936,5.6475
1937,4.8837
1938,5.3666
1939,5.2821
1940,5.1931
1941,5.6329
1942,4.964
1943,5.0196
1944,5.3117
1945,5.8535
1946,5.9451
1947,5.912
1948,5.2122
1949,5.4899
1950,5.4975
1951,4.9994
1952,5.2825
1953,5.8466
1954,6.5547
1955,5.8582
1956,6.0309
1957,4.8023
1958,5.3318
1959,5.2509
1960,6.1391
1961,6.2396
1962,5.868
1963,5.9757
1964,5.6345
1965,5.3178
1966,5.0829
1967,4.5966
1968,5.2436
1969,5.5568
1970,5.3697
1971,5.6623
1972,5.5423
1973,5.6335
1974,5.6333
1975,5.4548
1976,5.7989
1977,4.787
1978,5.4655
1979,6.4682
1980,6.4095
1981,5.3995
1982,5.578
1983,5.5242
1984,5.5871
1985,5.567
1986,5.1919
1987,5.7722
1988,4.9255
1989,5.0485
1990,5.1234
1991,5.2065
1992,5.1639
1993,5.4103
1994,5.2028
1995,5.1091
1996,5.2186
1997,5.3115
1998,5.5989
1999,5.3363
2000,5.1996
2001,5.4709
2002,4.9223
2003,5.2593
2004,5.3445
2005,5.4388
2006,5.4022
2007,5.8452
2008,5.9927
2009,5.6294
2010,5.2303
2011,4.6522
2012,5.2647
2013,5.3072
2014,5.3118
2015,5.1515
2016,5.7473
2017,4.8675
2018,5.101
2019,5.6183
2020,5.6073
2021,5.0524
2022,5.4062
2023,5.1292
2024,5.1289
2025,5.0075
2026,5.4695
2027,5.228
2028,4.9808
2029,5.2716
2030,5.1697
2031,7.0039
2032,7.059
2033,5.2999
2034,5.4413
2035,5.3495
2036,5.6009
2037,5.5892
2038,5.5813
2039,4.711
2040,5.2989
2041,5.5201
2042,5.1641
2043,5.0387
2044,5.247
2045,5.0812
2046,4.8616
2047,5.4661
2048,5.8125
2049,5.5412
2050,5.6607
2051,4.8594
2052,5.2984
2053,5.3569
2054,5.6384
2055,5.1107
2056,5.5717
2057,4.8426
2058,4.8935
2059,6.2378
2060,5.9816
2061,4.9784
2062,5.3924
2063,5.4179
2064,5.6532
2065,6.1344
2066,5.4221
2067,5.509
2068,5.9039
2069,5.2636
2070,4.3507
2071,5.5886
2072,5.5861
2073,6.2749
2074,6.2726
2075,6.1169
2076,6.1095
2077,5.465
2078,5.6212
2079,4.9808
2080,5.3453
2081,5.7752
2082,5.948
2083,6.1839
2084,6.1026
2085,5.4452
2086,5.4088
2087,5.0842
2088,5.1601
2089,5.1464
2090,5.1345
2091,5.8136
2092,5.7865
2093,5.2068
2094,5.2892
2095,5.5342
2096,5.6872
2097,5.1967
2098,5.2422
2099,5.7447
2100,6.0682
2101,5.8481
2102,5.9242
2103,5.4125
2104,5.456
2105,4.9433
2106,5.2573
2107,5.2303
2108,5.2781
2109,6.4421
2110,6.4444
2111,5.1544
2112,4.8745
2113,4.9547
2114,5.5515
2115,5.3083
2116,5.7435
2117,6.0946
2118,6.0816
2119,5.7444
2120,5.6555
2121,5.1746
2122,5.4052
2123,5.6261
2124,5.7215
2125,5.2267
2126,5.3676
2127,6.3175
2128,6.4563
2129,5.522
2130,5.6025
2131,5.9608
2132,6.1241
2133,4.9604
2134,5.3763
2135,5.5475
2136,6.051
2137,5.7346
2138,5.6176
2139,5.6759
2140,5.5377
2141,5.1974
2142,5.551
2143,5.8897
2144,5.837
2145,4.327
2146,4.3018
2147,5.5301
2148,5.8268
2149,5.3391
2150,5.5247
2151,5.4175
2152,5.6093
2153,5.0409
2154,4.9796
2155,5.6029
2156,5.4107
2157,6.2098
2158,5.7242
2159,5.1807
2160,5.2601
2161,5.2851
2162,5.4068
2163,6.0877
2164,6.2415
2165,5.2872
2166,5.3861
2167,5.223
2168,5.4286
2169,5.7793
2170,5.8167
2171,6.0299
2172,5.9602
2173,6.173
2174,6.3169
2175,5.048
2176,5.258
2177,5.0436
2178,5.2415
2179,5.0409
2180,5.2716
2181,5.3464
2182,5.0672
2183,5.7059
2184,5.7329
2185,5.3876
2186,5.3506
2187,5.8248
2188,5.7156
2189,5.9134
2190,6.1343
2191,6.1835
2192,6.1001
2193,4.9146
2194,4.9544
2195,5.8713
2196,5.9508
2197,5.8369
2198,5.6003
2199,4.8897
2200,5.6546
2201,5.3611
2202,5.764
2203,5.6228
2204,5.8478
2205,5.1471
2206,5.1072
2207,5.7952
2208,5.7269
2209,5.2319
2210,5.932
2211,6.064
2212,6.0983
2213,4.93
2214,4.9786
2215,5.5126
2216,4.9793
2217,5.2154
2218,5.3216
2219,5.77
2220,5.7288
2221,5.6031
2222,5.7701
2223,5.704
2224,5.507
2225,5.1877
2226,5.4429
2227,5.1525
2228,5.3226
2229,5.5159
2230,5.5285
2231,5.6302
2232,4.7347
2233,5.9373
2234,5.87
2235,5.5069
2236,5.4894
2237,6.0571
2238,5.8035
2239,5.8044
2240,5.8247
2241,5.8194
2242,5.5702
2243,5.9127
2244,5.6997
2245,5.1424
2246,5.2816
2247,5.1731
2248,5.1728
2249,5.1529
2250,5.8604
2251,5.5513
2252,5.6371
2253,5.0806
2254,5.2415
2255,4.599
2256,4.4877
2257,5.5716
2258,5.8235
2259,5.6067
2260,5.6209
2261,5.3351
2262,4.7688
2263,6.0444
2264,5.4659
2265,5.5496
2266,6.0095
2267,5.0106
2268,4.8851
2269,5.8933
2270,5.5449
2271,5.8002
2272,5.7393
2273,5.4257
2274,5.2535
2275,5.3175
2276,4.5046
2277,5.9541
2278,5.7024
2279,5.5808
2280,5.4571
2281,5.1234
2282,5.2626
2283,5.375
2284,5.6454
2285,4.5587
2286,4.7864
2287,5.3202
2288,5.4202
2289,5.1276
2290,5.1039
2291,6.2258
2292,6.3365
2293,5.7861
2294,5.9595
2295,5.5782
2296,5.69
2297,6.0656
2298,5.9888
2299,5.762
2300,5.6521
2301,5.0926
2302,5.3812
2303,6.227
2304,6.1398
2305,6.1873
2306,6.1237
2307,5.4803
2308,5.517
2309,5.0627
2310,4.8368
2311,5.534
2312,5.7131
2313,5.9867
2314,5.8026
2315,5.4738
2316,5.7368
2317,5.8169
2318,5.4671
2319,5.2836
2320,5.4757
2321,5.2876
2322,5.6317
2323,6.1745
2324,5.9018
2325,5.0298
2326,5.3798
2327,5.3416
2328,6.0572
2329,5.031
2330,4.8608
2331,5.7192
2332,5.6114
2333,6.1142
2334,6.1059
2335,5.6304
2336,5.1401
2337,5.227
2338,5.5162
2339,4.9779
2340,5.4666
2341,5.6218
2342,5.4579
2343,4.8421
2344,5.5462
2345,6.1026
2346,5.7028
2347,5.2785
2348,5.7702
2349,5.4663
2350,5.4872
2351,5.6319
2352,5.6166
2353,6.026
2354,6.1099
2355,5.8933
2356,6.1345
2357,5.5844
2358,5.2177
2359,5.2548
2360,5.2978
2361,5.8418
2362,5.7113
2363,5.2543
2364,5.8216
2365,4.9622
2366,4.6535
2367,5.4299
2368,4.8264
2369,4.4259
2370,4.9867
2371,6.0393
2372,5.8435
2373,5.0619
2374,5.1687
2375,5.431
2376,5.6898
2377,5.229
2378,6.0239
2379,5.5423
2380,5.3821
2381,5.1866
2382,5.6227
2383,5.2978
2384,5.1991
2385,5.6042
2386,5.3436
2387,6.246
2388,5.8896
2389,6.1626
2390,6.3566
2391,5.4679
2392,5.3538
2393,5.405
2394,5.427
2395,5.6664
2396,5.6869
2397,5.6784
2398,5.1539
2399,6.0605
2400,5.7616
2401,6.4943
2402,6.4521
2403,5.2083
2404,5.3799
2405,4.8326
2406,5.1694
2407,5.5284
2408,5.5042
2409,5.942
2410,5.8444
2411,5.5604
2412,5.2659
2413,6.1261
2414,6.0117
2415,5.5739
2416,5.6861
2417,5.3796
2418,5.2968
2419,5.9247
2420,5.4225
2421,6.0983
2422,6.2895
2423,5.3794
2424,5.5702
2425,5.2053
2426,4.4313
2427,5.5662
2428,5.6714
2429,5.4546
2430,5.2881
2431,5.3347
2432,5.559
2433,5.5012
2434,5.1313
2435,5.1055
2436,5.2781
2437,5.0345
2438,5.183
2439,4.9003
2440,4.923
2441,5.5714
2442,5.8841
2443,5.3283
2444,5.3821
2445,5.6848
2446,5.1475
2447,5.88
2448,6.0152
2449,5.9096
2450,5.6818
2451,6.3745
2452,6.9284
2453,4.9101
2454,5.8499
2455,5.8943
2456,6.0206
2457,5.2794
2458,5.1603
2459,5.5187
2460,5.7079
2461,5.4809
2462,5.4555
2463,5.3776
2464,5.3277
2465,5.3059
2466,5.4327
2467,5.5698
2468,5.2643
2469,5.4718
2470,5.4991
2471,5.1277
2472,4.9778
2473,5.8845
2474,5.6313
2475,5.4034
2476,5.3584
2477,5.4597
2478,5.3448
2479,5.8655
2480,5.9429
2481,5.9199
2482,6.0047
2483,5.672
2484,5.6798
2485,5.36
2486,6.146
2487,5.7852
2488,5.7757
2489,5.8879
2490,4.8152
2491,5.6219
2492,5.622
2493,5.3251
2494,5.3975
2495,6.412
2496,6.4214
2497,5.5306
2498,5.8012
2499,5.2829
2500,5.5257
2501,5.2852
2502,5.5777
2503,5.1726
2504,4.8944
2505,5.3309
2506,5.3158
2507,5.715
2508,5.6154
2509,5.9587
2510,5.7036
2511,5.3427
2512,5.2614
2513,5.7812
2514,5.9024
2515,6.2413
2516,5.3134
2517,5.4302
2518,5.4431
2519,5.6107
2520,5.4698
2521,5.5013
2522,5.502
2523,5.5694
2524,5.4883
2525,6.3492
2526,6.2663
2527,5.077
2528,5.5477
2529,5.4918
2530,5.17
2531,6.0787
2532,5.956
2533,5.605
2534,5.6586
2535,4.8635
2536,4.9298
2537,5.5055
2538,5.43
2539,5.2023
2540,4.8746
2541,5.1356
2542,5.3304
2543,5.0776
2544,5.1874
2545,5.7117
2546,5.3809
2547,5.8703
2548,5.9996
2549,5.8646
2550,5.966
2551,5.5731
2552,5.4806
2553,5.5929
2554,5.396
2555,5.39
2556,5.2861
2557,5.7434
2558,5.5555
2559,5.1731
2560,5.1811
2561,5.683
2562,5.7216
2563,5.642
2564,5.7841
2565,6.087
2566,5.9221
2567,5.6058
2568,5.4219
2569,5.3927
2570,5.0372
2571,5.286
2572,5.6829
2573,5.753
2574,5.9101
2575,5.6202
2576,5.8838
2577,4.8656
2578,5.5842
2579,4.9631
2580,5.0991
2581,5.2891
2582,5.5945
2583,5.7546
2584,5.7284
2585,5.282
2586,5.5483
2587,5.0997
2588,5.531
2589,5.8554
2590,5.6045
2591,6.1475
2592,6.4509
2593,5.5752
2594,5.4888
2595,4.7164
2596,5.1279
2597,4.9763
2598,5.2757
2599,6.1013
2600,5.9079
2601,5.1226
2602,5.1902
2603,5.986
2604,5.759
2605,4.6018
2606,5.0321
2607,5.5924
2608,5.6406
2609,6.2199
2610,6.378
2611,5.0156
2612,5.0452
2613,5.3375
2614,5.1379
2615,5.2146
2616,5.4131
2617,5.4318
2618,5.5772
2619,6.2548
2620,6.0793
2621,5.4136
2622,5.4511
2623,5.7806
2624,5.7824
2625,5.9885
2626,5.6386
2627,5.604
2628,5.6905
2629,5.9969
2630,6.063
2631,5.9697
2632,5.995
2633,5.5044
2634,5.395
2635,5.7777
2636,5.1156
2637,5.0014
2638,5.3661
2639,5.3408
2640,5.5235
2641,4.8079
2642,5.1624
2643,5.921
2644,6.269
2645,5.0237
2646,5.0737
2647,5.9609
2648,5.6798
2649,5.4087
2650,5.7848
2651,5.4146
2652,5.5781
2653,5.1095
2654,5.1508
2655,5.2539
2656,5.5088
2657,4.9325
2658,5.1555
2659,5.1455
2660,5.189
2661,5.46
2662,6.134
2663,5.694
2664,5.5632
2665,5.6953
2666,5.455
2667,5.7075
2668,5.8092
2669,5.1181
2670,4.7485
2671,5.2296
2672,5.6624
2673,5.9041
2674,5.9764
2675,5.6802
2676,5.3585
2677,6.3131
2678,6.3341
2679,5.4424
2680,5.5868
2681,5.3654
2682,5.4512
2683,6.0431
2684,5.7423
2685,5.0568
2686,5.3294
2687,5.9466
2688,6.0133
2689,5.6481
2690,5.7418
2691,5.1974
2692,5.9021
2693,5.2487
2694,5.6257
2695,5.1708
2696,4.8407
2697,6.218
2698,6.2051
2699,6.4034
2700,6.5575
2701,5.5492
2702,5.7438
2703,4.824
2704,5.3941
2705,5.534
2706,5.1094
2707,5.2365
2708,5.3375
2709,5.2887
2710,5.2916
2711,5.3596
2712,5.7039
2713,6.0488
2714,5.3376
2715,5.7074
2716,5.5576
2717,5.1633
2718,4.9635
2719,4.7079
2720,5.2149
2721,5.9071
2722,5.9419
2723,6.482
2724,6.6245
2725,5.4428
2726,5.4427
2727,5.9416
2728,5.7886
2729,5.9653
2730,6.322
2731,6.5027
2732,6.2959
2733,5.9092
2734,5.1908
2735,5.3548
2736,5.3604
2737,5.8311
2738,6.3939
2739,5.7955
2740,5.3424
2741,6.029
2742,5.9762
2743,4.8956
2744,5.0073
2745,5.0508
2746,5.1506
2747,6.3658
2748,6.2721
2749,6.0182
2750,6.083
2751,5.0635
2752,5.1013
2753,5.9345
2754,5.9507
2755,4.3958
2756,5.4302
2757,5.4963
2758,5.5202
2759,5.7
2760,5.5249
2761,5.9564
2762,6.1909
2763,5.7552
2764,5.8874
2765,5.6361
2766,5.1791
2767,5.099
2768,5.0136
2769,6.1369
2770,6.1674
2771,5.2954
2772,5.3133
2773,5.0162
2774,4.2317
2775,5.9555
2776,5.9021
2777,5.2305
2778,5.1054
2779,5.0731
2780,5.2606
2781,5.539
2782,5.3294
2783,5.2027
2784,5.3178
2785,5.4279
2786,5.55
2787,5.4383
2788,5.7382
2789,5.6414
2790,5.7501
2791,5.5978
2792,5.9827
2793,5.7458
2794,5.5556
2795,5.2485
2796,5.9053
2797,6.0204
2798,5.9242
2799,5.2995
2800,5.0032
2801,5.4162
2802,5.4239
2803,5.5186
2804,6.6833
2805,4.7895
2806,5.3
2807,5.7231
2808,5.7622
2809,5.7846
2810,5.752
2811,6.3375
2812,6.1047
2813,5.9399
2814,5.7291
2815,5.8405
2816,5.9867
2817,5.3285
2818,5.2148
2819,6.3725
2820,6.2244
2821,5.7573
2822,5.8622
2823,5.7153
2824,5.7451
2825,5.8353
2826,5.4384
2827,5.6283
2828,5.4002
2829,5.6565
2830,5.6449
2831,5.1677
2832,5.2835
2833,6.1795
2834,6.0625
2835,5.7858
2836,5.3184
2837,5.8106
2838,6.2595
2839,6.6532
2840,6.0588
2841,5.8097
2842,5.8108
2843,5.5988
2844,5.8195
2845,5.7281
2846,5.7939
2847,5.47
2848,5.4093
2849,5.2227
2850,5.2214
2851,5.5302
2852,5.4861
2853,5.6503
2854,5.7841
2855,5.6721
2856,5.9897
2857,5.7586
2858,5.8434
2859,5.2266
2860,5.8317
2861,5.6571
2862,5.2677
2863,5.5677
2864,5.4615
2865,5.4739
2866,5.4295
2867,5.3218
2868,5.3474
2869,5.468
2870,5.4614
2871,6.2796
2872,6.18
2873,5.8638
2874,6.0135
2875,5.3785
2876,5.7734
2877,5.1401
2878,5.0946
2879,5.7721
2880,5.7832
2881,5.1972
2882,4.9935
2883,4.8683
2884,5.5171
2885,5.6161
2886,5.6242
2887,5.4696
2888,4.9118
2889,5.2472
2890,5.2481
2891,5.7247
2892,6.0384
2893,6.6365
2894,6.4361
2895,5.2205
2896,5.3654
2897,5.2952
2898,5.2446
2899,4.7088
2900,5.1811
2901,5.8546
2902,5.5573
2903,5.8229
2904,5.8495
2905,5.0673
2906,5.4555
2907,5.4871
2908,5.0361
2909,6.1841
2910,6.1347
2911,5.9528
2912,5.6514
2913,5.6217
2914,5.6381
2915,5.7397
2916,5.8791
2917,4.9749
2918,4.9554
2919,5.2118
2920,5.0942
2921,5.6842
2922,5.6957
2923,5.622
2924,5.1454
2925,5.462
2926,5.6478
2927,5.5722
2928,5.88
2929,5.5101
2930,5.4761
2931,5.4369
2932,5.2905
2933,5.3997
2934,5.6631
2935,6.2804
2936,6.7808
2937,5.8714
2938,5.8636
2939,5.843
2940,5.959
2941,5.5391
2942,5.7332
2943,4.981
2944,4.9062
2945,5.0133
2946,5.0713
2947,5.2465
2948,5.32
2949,6.0469
2950,5.3954
2951,5.2303
2952,5.2427
2953,5.2376
2954,5.1657
2955,5.5306
2956,4.9559
2957,5.2914
2958,5.4688
2959,5.4211
2960,5.2379
2961,4.873
2962,4.9095
2963,6.2875
2964,6.2027
2965,5.7742
2966,5.6318
2967,5.7244
2968,5.8302
2969,5.4168
2970,5.4273
2971,4.5747
2972,5.1771
2973,5.1588
2974,5.84
2975,5.0201
2976,4.4119
2977,5.412
2978,4.8593
2979,6.5563
2980,6.3458
2981,5.6271
2982,5.6284
2983,5.2137
2984,5.7677
2985,5.1196
2986,4.9662
2987,5.0263
2988,4.8964
2989,5.3636
2990,5.3643
2991,5.0736
2992,5.2618
2993,5.6503
2994,6.0095
2995,5.96
2996,5.7296
2997,6.1187
2998,6.0588
2999,5.9913
3000,6.1237
3001,5.2059
3002,5.4701
3003,5.5686
3004,5.6213
3005,5.8042
3006,5.209
3007,5.4077
3008,5.2903
3009,4.5564
3010,4.7027
3011,5.5729
3012,5.558
3013,6.242
3014,5.8254
3015,5.272
3016,5.1844
3017,5.3719
3018,5.387
3019,5.8085
3020,5.5557
3021,6.4564
3022,6.2604
3023,5.898
3024,5.4051
3025,5.748
3026,5.4897
3027,4.9871
3028,5.2769
3029,5.5354
3030,5.5397
3031,5.6052
3032,5.6468
3033,6.3963
3034,6.1412
3035,4.889
3036,5.335
3037,5.3315
3038,5.6338
3039,5.0387
3040,5.2686
3041,4.9523
3042,5.2303
3043,5.285
3044,5.3927
3045,5.4739
3046,5.2516
3047,4.7041
3048,5.1287
3049,5.853
3050,5.9437
3051,5.3817
3052,5.8321
3053,5.3663
3054,5.3783
3055,5.4604
3056,5.8372
3057,5.3339
3058,5.279
3059,5.2781
3060,5.5981
3061,5.3463
3063,5.3075
3064,5.4422
3065,4.8798
3066,4.9973
3067,5.8231
3068,6.1036
3069,5.8874
3070,5.7906
3071,5.0932
3072,5.0252
3073,5.1682
3074,4.8852
3075,5.4204
3076,5.3956
3077,5.3948
3078,5.5776
3079,5.0745
3080,5.1274
3081,4.7478
3082,5.0464
3083,5.5027
3084,5.3419
3085,5.4208
3086,5.782
3087,5.1484
3088,5.2728
3089,5.6126
3090,5.4591
3091,5.945
3092,5.9989
3093,4.9329
3094,5.218
3095,6.1081
3096,5.9248
3097,5.4907
3098,5.5164
3099,5.7452
3100,5.6403
3101,5.1367
3102,5.5189
3103,4.98
3104,5.3461
3105,5.7268
3106,5.5643
3107,5.0022
3108,5.087
3109,5.8276
3110,5.6514
3111,6.4839
3112,6.489
3113,5.8522
3114,6.0703
3115,5.4066
3116,5.2575
3117,4.7128
3118,5.7745
3119,5.9379
3120,5.8253
3121,5.2966
3122,6.2105
3123,4.8515
3124,5.1242
3125,5.8441
3126,5.8674
3127,5.194
3128,5.2528
3129,5.3726
3130,5.5938
3131,5.7433
3132,5.5297
3133,6.1939
3134,5.6171
3135,6.4931
3136,5.8123
3137,5.7828
3138,5.9558
3139,6.0919
3140,5.7329
3141,5.8479
3142,5.9069
3143,5.021
3144,5.2182
3145,5.593
3146,5.2473
3147,5.3617
3148,5.3636
3149,5.689
3150,5.5562
3151,5.534
3152,5.8353
3153,5.9516
3154,6.1117
3155,6.5303
3156,6.5225
3157,5.7263
3158,5.8588
3159,5.3029
3160,5.6199
3161,6.1623
3162,6.1362
3163,5.1457
3164,5.2511
3165,6.2048
3166,6.4115
3167,5.7275
3168,5.7752
3169,5.4292
3170,5.0872
3171,5.7467
3172,5.9701
3173,5.7952
3174,4.8921
3175,5.3374
3176,5.4179
3177,5.8945
3178,5.8491
3179,5.6368
3180,5.4706
3181,6.1492
3182,6.478
3183,5.4991
3184,5.4926
3185,5.2963
3186,5.2361
3187,5.8991
3188,4.9602
3189,5.8465
3190,5.3186
3191,5.2755
3192,5.5363
3193,5.455
3194,5.452
3195,5.0091
3196,4.9545
3197,5.1851
3198,5.131
3199,5.637
3200,5.6186
3201,6.2027
3202,5.9436
3203,6.1677
3204,6.2349
3205,5.0766
3206,4.9924
3207,5.1659
3208,5.0983
3209,5.3934
3210,5.3998
3211,5.4663
3212,5.6226
3213,5.8171
3214,5.3523
3215,5.7823
3216,5.6973
3217,4.9957
3218,5.8451
3219,5.7893
3220,5.8016
3221,5.9418
3222,5.8748
3223,5.5018
3224,5.0014
3225,5.8781
3226,5.8493
3227,5.4885
3228,5.5852
3229,6.732
3230,6.6977
3231,5.1972
3232,4.9857
3233,5.8074
3234,5.4863
3235,5.8267
3236,5.5999
3237,5.4758
3238,5.3311
3239,5.4607
3240,5.1653
3241,5.3189
3242,5.4776
3243,6.3142
3244,6.0869
3245,5.5904
3246,5.0025
3247,5.3388
3248,5.2971
3249,5.3825
3250,5.2483
3251,5.1761
3252,5.2795
3253,4.8883
3254,4.7139
3255,5.5632
3256,5.3986
3257,5.8818
3258,5.8166
3259,5.1669
3260,5.0437
3261,5.5183
3262,5.763
3263,5.8373
3264,4.8911
3265,5.6553
3266,5.7781
3267,5.3783
3268,5.4344
3269,5.2958
3270,5.4431
3271,5.3965
3272,5.4955
3273,5.3698
3274,4.9946
3275,7.3451
3276,7.3346
3277,5.3542
3278,5.286
3279,5.167
3280,5.1302
3281,5.4927
3282,5.4729
3283,4.9891
3284,5.1705
3285,5.4893
3286,5.5794
3287,5.1851
3288,5.4544
3289,5.6357
3290,5.5954
3291,5.3189
3292,5.1071
3293,5.1014
3294,5.5162
3295,6.4605
3296,6.4262
3297,4.8762
3298,5.1996
3299,5.8588
3300,6.1964
3301,5.8463
3302,5.7322
3303,4.9809
3304,5.4398
3305,5.3169
3306,5.4491
3307,5.5253
3308,5.0647
3309,5.9363
3310,5.7746
3311,6.1575
3312,5.955
3313,5.5086
3314,5.5091
3315,5.7406
3316,5.4048
3317,4.6735
3318,4.8641
3319,5.2333
3320,5.5675
3321,6.5761
3322,6.1651
3323,5.1718
3324,5.0054
3325,5.8674
3326,5.9823
3327,4.8887
3328,5.1687
3329,5.5187
3330,5.6222
3331,5.1552
3332,6.4781
3333,5.5829
3334,5.5341
3335,5.6601
3336,5.7299
3337,4.9938
3338,5.1374
3339,4.9601
3340,5.1208
3341,5.0108
3342,5.0187
3343,5.6024
3344,5.9627
3345,5.0929
3346,5.8617
3347,5.666
3348,5.2807
3349,5.7377
3350,5.1512
3351,5.0584
3352,5.4861
3353,5.9165
3354,6.0021
3355,5.4512
3356,5.6724
3357,5.5055
3358,5.4068
3359,5.2061
3360,4.8262
3361,5.0104
3362,5.2747
3363,5.9192
3364,6.1251
3365,5.3416
3366,5.2364
3367,5.4182
3368,5.1965
3369,5.7223
3370,5.516
3371,4.4281
3372,5.1335
3373,4.58
3374,4.8785
3375,5.6073
3376,5.7746
3377,5.761
3378,5.9018
3379,5.5763
3380,5.4385
3381,5.0931
3382,5.1551
3383,6.4252
3384,6.3182
3385,5.9384
3386,5.8269
3387,5.9876
3388,6.226
3389,4.9391
3390,5.226
3391,5.39
3392,5.4868
3393,5.4461
3394,5.4146
3395,5.1035
3396,5.1684
3397,5.4272
3398,5.2078
3399,5.4502
3400,5.8904
3401,5.2699
3402,5.133
3403,5.5224
3404,5.753
3405,5.6332
3406,5.51
3407,5.0004
3408,5.119
3409,5.8151
3410,5.5515
3411,5.984
3412,6.1009
3413,5.7406
3414,5.9223
3415,5.7516
3416,5.5481
3417,5.6839
3418,5.5934
3419,4.9229
3420,4.9996
3421,5.0435
3422,5.0457
3423,5.7015
3424,5.7643
3425,5.8166
3426,6.2308
3427,5.4741
3428,6.124
3429,6.3413
3430,6.4294
3431,5.0528
3432,5.1777
3433,6.2279
3434,6.0181
3435,6.5535
3436,6.265
3437,5.2779
3438,6.2793
3439,5.8193
3440,6.0204
3441,5.5404
3442,5.0283
3443,5.0283
3444,5.145
3445,5.3233
3446,5.6507
3447,5.246
3448,5.4811
3449,5.9369
3450,5.9156
3451,5.0343
3452,4.893
3453,5.986
3454,5.8386
3455,5.3608
3456,5.5983
3457,5.2487
3458,5.4005
3459,6.2369
3460,6.0896
3461,5.2814
3462,5.3396
3463,5.6604
3464,5.5164
3465,6.0666
3466,5.9233
3467,5.6217
3468,5.3888
3469,5.6537
3470,5.604
3471,5.6698
3472,5.588
3473,5.9059
3474,5.7067
3475,5.4025
3476,4.5536
3477,5.7096
3478,5.6642
3479,5.3129
3480,5.3772
3481,5.565
3482,5.7345
3483,5.1154
3484,5.1146
3485,5.3878
3486,4.7893
3487,4.8533
3488,5.1111
3489,5.2612
3490,5.4928
3491,5.9978
3492,5.9869
3493,5.4087
3494,5.4255
3495,5.3213
3496,5.626
3497,5.7198
3498,5.741
3499,5.7795
3500,5.1953
3501,5.0188
3502,4.8607
3503,6.3966
3504,6.432
3505,4.4515
3506,4.8296
3507,5.9784
3508,5.8898
3509,5.1498
3510,4.9591
3511,6.2879
3512,6.163
3513,5.4865
3514,5.5208
3515,5.4505
3516,5.781
3517,6.6562
3518,6.4523
3519,5.2296
3520,5.5785
3521,5.9565
3522,5.8689
3523,5.6323
3524,5.7585
3525,4.8137
3526,5.3973
3527,5.8417
3528,6.1069
3529,5.5529
3530,5.643
3531,5.3603
3532,5.5245
3533,4.8982
3534,4.7044
3535,5.3201
3536,5.359
3537,4.984
3538,5.3161
3539,5.5539
3540,5.4637
3541,5.2959
3542,5.3463
3543,5.3888
3544,5.5652
3545,5.0094
3546,5.1781
3547,5.4219
3548,5.0082
3549,5.3452
3550,5.1715
3551,4.9497
3552,4.5789
3553,5.768
3554,5.4948
3555,5.4524
3556,5.2804
3557,5.0232
3558,4.921
3559,5.7915
3560,5.5334
3561,5.2617
3562,5.3143
3563,5.5381
3564,5.2655
3565,5.6353
3566,5.4436
3567,5.7405
3568,5.1886
3569,5.448
3570,5.7812
3571,5.262
3572,5.4459
3573,5.4373
3574,4.9313
3575,5.0527
3576,5.4758
3577,5.1027
3578,5.2796
3579,5.5098
3580,5.3789
3581,5.744
3582,5.8083
3583,5.599
3584,5.663
3585,5.6186
3586,5.309
3587,5.7999
3588,5.5903
3589,5.2713
3590,5.6952
3591,5.8739
3592,5.4882
3593,5.5662
3594,5.4851
3595,5.4493
3596,5.0181
3597,5.4057
3598,5.2781
3599,5.7519
3600,5.7135
3601,5.4175
3602,5.6805
3603,5.644
3604,5.7114
3605,6.2529
3606,6.3153
3607,5.2074
3608,5.2457
3609,5.4577
3610,4.7813
3611,5.5555
3612,5.4516
3613,5.952
3614,5.8139
3615,5.0381
3616,4.9669
3617,5.2073
3618,4.7662
3619,5.3715
3620,5.2203
3621,5.6971
3622,5.7355
3623,5.7524
3624,6.0644
3625,5.8253
3626,5.8612
3627,5.3032
3628,5.0465
3629,5.8951
3630,5.4197
3631,6.1131
3632,6.7
3633,6.0616
3634,5.9056
3635,5.542
3636,5.4477
3637,6.2395
3638,6.6615
3639,5.9468
3640,5.9243
3641,5.231
3642,5.2325
3643,5.6995
3644,5.6204
3645,5.2264
3646,5.1792
3647,5.5868
3648,5.3789
3649,5.973
3650,5.9412
3651,5.7982
3652,5.9039
3653,5.6343
3654,5.9007
3655,5.1111
3656,4.7009
3657,5.0401
3658,5.4042
3659,6.2372
3660,5.9487
3661,5.7608
3662,5.7875
3663,5.9659
3664,6.003
3665,4.6837
3666,5.325
3667,6.1228
3668,6.0594
3669,5.4423
3670,5.5483
3671,6.5685
3672,6.5947
3673,5.005
3674,5.5942
3675,5.4901
3676,5.9458
3677,5.2077
3678,5.5274
3679,5.6452
3680,5.9769
3681,5.7938
3682,5.7756
3683,5.5599
3684,5.4929
3685,6.1718
3686,6.3469
3687,5.5165
3688,5.6543
3689,6.2234
3690,6.527
3691,5.7449
3692,5.2974
3693,4.8597
3694,4.7567
3695,5.6985
3696,5.5714
3697,5.7005
3698,5.6575
3699,5.1966
3700,4.7996
3701,4.854
3702,5.5396
3703,5.6373
3704,5.6171
3705,4.9921
3706,5.4363
3707,5.8017
3708,5.8712
3709,5.1737
3710,5.5488
3711,6.033
3712,5.7683
3713,4.886
3714,5.4197
3715,5.4987
3716,5.2073
3717,5.0622
3718,4.9667
3719,4.6473
3720,4.4712
3721,6.07
3722,6.1642
3723,6.6324
3724,6.7271
3725,5.8394
3726,6.0155
3727,4.8958
3728,5.3305
3729,5.2165
3730,5.9268
3731,4.8499
3732,5.405
3733,5.07
3734,5.4719
3735,5.9877
3736,6.1174
3737,5.6515
3738,5.7822
3739,5.5886
3740,5.6818
3741,5.3206
3742,5.3058
3743,5.4885
3744,5.5062
3745,6.2812
3746,6.1177
3747,5.8506
3748,5.6867
3749,5.241
3750,5.3879
3751,6.1464
3752,6.7768
3753,6.0567
3754,5.9472
3755,5.6444
3756,5.7208
3757,5.8276
3758,5.8531
3759,5.0544
3760,4.5895
3761,5.3697
3762,5.9173
3763,5.3284
3764,5.4547
3765,5.2561
3766,5.4059
3767,5.9599
3768,6.0057
3769,5.4231
3770,5.004
3771,6.2936
3772,6.2759
3773,5.7608
3774,5.9788
3775,5.3042
3776,5.2944
3777,5.6899
3778,5.691
3779,6.2908
3780,6.1802
3781,5.3862
3782,5.2697
3783,5.1499
3784,5.2558
3785,5.8372
3786,5.3451
3787,5.6666
3788,5.6574
3789,5.7099
3790,5.4749
3791,5.1713
3792,5.6714
3793,5.1487
3794,5.6471
3795,5.9385
3796,5.9769
3797,5.3156
3798,4.9968
3799,5.1569
3800,5.3724
3801,5.8162
3802,5.684
3803,5.4468
3804,5.6711
3805,5.3178
3806,5.421
3807,6.5774
3808,6.1742
3809,5.1052
3810,5.439
3811,5.8903
3812,6.0632
3813,5.9164
3814,6.0297
3815,5.9722
3816,6.281
3817,6.353
3818,6.3736
3819,6.0313
3820,6.4328
3821,5.106
3822,5.2563
3823,5.9556
3824,6.3219
3825,5.4022
3826,5.2008
3827,5.7891
3828,6.0257
3829,4.7826
3830,5.0747
3831,5.2424
3832,5.7206
3833,6.9586
3834,7.0346
3835,5.8159
3836,6.258
3837,4.3882
3838,4.39
3839,5.2194
3840,5.4381
3841,5.9607
3842,5.8826
3843,5.474
3844,5.6421
3845,5.4017
3846,5.1101
3847,5.1528
3848,5.3058
3849,5.6737
3850,5.679
3851,5.6307
3852,5.6334
3853,5.321
3854,5.7518
3855,5.4013
3856,5.441
3857,5.5873
3858,5.4573
3859,5.6841
3860,5.4201
3861,5.2831
3862,5.5111
3863,5.7591
3864,5.6852
3865,5.7368
3866,5.43
3867,5.2145
3868,5.3958
3869,5.6349
3870,5.4541
3871,4.7486
3872,5.0852
3873,5.6843
3874,5.1403
3875,5.5394
3876,5.6914
3877,5.37
3878,5.4403
3879,5.7592
3880,5.6096
3881,5.861
3882,5.8897
3883,5.8164
3884,6.5176
3885,5.3276
3886,5.0751
3887,5.6953
3888,5.2415
3889,5.9121
3890,6.1175
3891,5.111
3892,5.2619
3893,5.6481
3894,5.6797
3895,6.0214
3896,5.9462
3897,5.672
3898,5.7191
3899,5.7402
3900,5.3865
3901,5.488
3902,5.4867
3903,5.5257
3904,5.8049
3905,5.2977
3906,5.6252
3907,5.9072
3908,5.4474
3909,5.6782
3910,5.695
3911,3.9851
3912,5.5952
3913,5.4899
3914,5.4903
3915,6.6529
3916,6.4747
3917,5.1156
3918,5.2792
3919,5.3592
3920,5.8897
3921,6.317
3922,6.2391
3923,5.9221
3924,5.6267
3925,5.8987
3926,5.9136
3927,5.7576
3928,5.3608
3929,5.6917
3930,5.7064
3931,4.8504
3932,4.7587
3933,5.2452
3934,5.1928
3935,6.0508
3936,6.1803
3937,4.9667
3938,5.1141
3939,6.1718
3940,5.8075
3941,5.313
3942,5.4533
3943,5.8801
3944,5.8103
3945,5.2717
3946,5.2723
3947,4.9838
3948,5.2048
3949,5.3286
3950,5.4361
3951,5.8045
3952,5.8684
3953,5.9194
3954,5.0965
3955,5.1238
3956,5.5558
3957,5.5437
3958,5.5884
3959,5.2669
3960,4.8323
3961,5.9319
3962,5.7131
3963,5.5576
3964,5.563
3965,5.6076
3966,5.5921
3967,6.0291
3968,5.9598
3969,4.7546
3970,4.6649
3971,5.9893
3972,6.0369
3973,5.2487
3974,5.7209
3975,5.6067
3976,5.7406
3977,5.1902
3978,4.7682
3979,6.6433
3980,6.0652
3981,6.0312
3982,5.7846
3983,5.7402
3984,6.3207
3985,5.656
3986,5.758
3987,5.1513
3988,5.0522
3989,5.4363
3990,5.8666
3991,4.9409
3992,5.1003
3993,5.633
3994,5.932
3995,5.2813
3996,5.138
3997,6.3249
3998,6.4282
3999,5.7318
4000,5.5298
4001,5.3261
4002,5.4266
4003,5.5337
4004,5.3833
4005,5.3477
4006,5.321
4007,4.7177
4008,4.8747
4009,5.3344
4010,5.2858
4011,6.1675
4012,6.2861
4013,5.4433
4014,5.79
4015,5.3665
4016,5.4019
4017,5.1204
4018,4.6473
4019,5.269
4020,5.0135
4021,5.541
4022,5.0284
4023,6.0301
4024,6.1862
4025,5.5421
4026,5.4626
4027,4.8804
4028,4.3477
4029,4.9738
4030,5.2013
4031,4.7349
4032,4.6991
4033,5.4801
4034,6.0269
4035,5.0781
4036,5.612
4037,5.9291
4038,5.6508
4039,6.5566
4040,6.4185
4041,5.1906
4042,5.1485
4043,5.3459
4044,5.124
4045,5.6442
4046,5.6201
4047,5.817
4048,6.1519
4049,5.4214
4050,5.4515
4051,5.9694
4052,5.7621
4053,5.4765
4054,5.7933
4055,6.095
4056,5.9322
4057,5.5205
4058,4.8829
4059,5.7812
4060,5.279
4061,6.8675
4062,7.1267
4063,5.4785
4064,5.4062
4065,5.4052
4066,4.7496
4067,6.0326
4068,6.0915
4069,6.3395
4070,5.8008
4071,4.4842
4072,5.7065
4073,5.4263
4074,5.2877
4075,5.7949
4076,5.3373
4077,5.228
4078,5.235
4079,5.7643
4080,5.4487
4081,5.3542
4082,5.4416
4083,5.2439
4084,5.3612
4085,5.0684
4086,5.1245
4087,4.5563
4088,5.0135
4089,5.5693
4090,5.5852
4091,6.7292
4092,6.9663
4093,5.7259
4094,5.8286
4095,5.5506
4096,5.7706
4097,5.8635
4098,6.1075
4099,6.0542
4100,6.0023
4101,5.112
4102,5.1452
4103,6.4072
4104,6.063
4105,5.4441
4106,5.2258
4107,5.6914
4108,5.5018
4109,5.4155
4110,5.5421
4111,5.6272
4112,5.9421
4113,5.5633
4114,6.0757
4115,5.2782
4116,5.4475
4117,5.4397
4118,5.1955
4119,5.8775
4120,5.3551
4121,5.8538
4122,5.6134
4123,5.0122
4124,4.782
4125,6.2677
4126,6.2933
4127,5.5406
4128,5.6196
4129,5.504
4130,5.5229
4131,4.9262
4132,5.0857
4133,6.5598
4134,5.573
4135,5.5506
4136,5.3357
4137,6.0277
4138,5.9394
4139,5.9265
4140,5.9973
4141,5.2119
4142,4.8815
4143,6.2963
4144,6.3072
4145,4.8782
4146,4.8654
4147,5.2539
4148,5.6428
4149,5.5693
4150,5.3632
4151,5.4209
4152,5.502
4153,4.9623
4154,5.2405
4155,5.6835
4156,5.7444
4157,5.0487
4158,4.8953
4159,6.4836
4160,6.3161
4161,5.6691
4162,5.3328
4163,5.9369
4164,5.7928
4165,5.3485
4166,5.688
4167,5.8172
4168,6.1264
4169,5.4333
4170,5.3126
4171,4.7262
4172,5.2738
4173,5.2226
4174,5.1927
4175,4.9411
4176,4.9402
4177,5.1603
4178,5.9559
4179,5.1888
4180,4.9793
4181,5.2686
4182,5.0408
4183,5.4367
4184,5.2606
4185,5.4755
4186,5.5428
4187,4.9414
4188,5.2526
4189,5.5863
4190,5.6248
4191,5.4225
4192,5.6115
4193,6.0172
4194,5.9519
4195,4.6726
4196,4.6217
4197,5.6897
4198,6.0463
4199,4.6836
4200,4.816
4201,6.0427
4202,5.9255
4203,4.4215
4204,4.9875
4205,5.4692
4206,5.529
4207,5.8333
4208,5.9235
4209,4.6142
4210,5.0678
4211,5.516
4212,5.6642
4213,4.9152
4214,4.5962
4215,5.2646
4216,5.3025
4217,6.3276
4218,6.4777
4219,6.1122
4220,5.612
4221,5.8069
4222,5.8471
4223,5.262
4224,5.3467
4225,5.8922
4226,6.2674
4227,5.4455
4228,5.4114
4229,5.6313
4230,5.9035
4231,5.3138
4232,5.1318
4233,5.7169
4234,5.6145
4235,6.1476
4236,6.37
4237,5.7869
4238,5.72
4239,5.6951
4240,5.4741
4241,5.8766
4242,5.9972
4243,5.1388
4244,4.8171
4245,5.6821
4246,5.6001
4247,5.3754
4248,4.9424
4249,5.5106
4250,4.9835
4251,5.0535
4252,5.3719
4253,5.3562
4254,4.9682
4255,5.7589
4256,5.752
4257,5.7609
4258,5.4846
4259,5.1168
4260,4.8698
4261,5.8051
4262,5.8354
4263,5.7232
4264,5.6244
4265,4.8245
4266,4.8736
4267,5.4788
4268,5.472
4269,4.7536
4270,5.3076
4271,6.1816
4272,5.9148
4273,5.4314
4274,5.0579
4275,5.1342
4276,5.2357
4277,5.7716
4278,5.9542
4279,5.484
4280,5.5062
4281,5.3347
4282,5.5392
4283,5.288
4284,5.3999
4285,5.1206
4286,5.1307
4287,5.3639
4288,5.3214
4289,6.4518
4290,6.0414
4291,5.6539
4292,5.5692
4293,5.6485
4294,4.7746
4295,5.0181
4296,5.3966
4297,5.4252
4298,5.1087
4299,5.6256
4300,5.2714
4301,5.608
4302,6.0275
4303,5.5003
4304,5.6038
4305,5.6003
4306,6.1286
4307,4.6433
4308,4.7742
4309,5.9748
4310,6.0854
4311,5.5614
4312,5.6558
4313,4.5962
4314,4.755
4315,5.6826
4316,5.5782
4317,6.6614
4318,6.5826
4319,5.0382
4320,4.9143
4321,5.4765
4322,5.5041
4323,5.539
4324,5.6759
4325,5.529
4326,5.6268
4327,5.4302
4328,5.3168
4329,5.7113
4330,5.8522
4331,5.5921
4332,4.9035
4333,5.5793
4334,5.6667
4335,5.8554
4336,5.9007
4337,4.558
4338,5.4297
4339,5.2877
4340,5.6806
4341,4.7354
4342,5.0392
4343,5.5693
4344,5.5815
4345,5.6562
4346,5.1458
4347,5.7059
4348,5.9088
4349,5.4804
4350,5.6779
4351,6.1844
4352,6.2837
4353,5.0511
4354,5.4206
4355,5.7401
4356,5.664
4357,5.6393
4358,5.5509
4359,5.7462
4360,5.7355
4361,6.238
4362,5.4278
4363,6.2943
4364,5.9218
4365,5.8024
4366,6.176
4367,6.1133
4368,4.9472
4369,6.0202
4370,5.3092
4371,6.2553
4372,5.6919
4373,5.3835
4374,5.1194
4375,5.6623
4376,6.0932
4377,5.5626
4378,5.5165
4379,5.4672
4380,5.5809
4381,4.9744
4382,5.0194
4383,5.0849
4384,5.083
4385,5.9445
4386,5.5443
4387,5.2305
4388,5.5938
4389,6.061
4390,5.7804
4391,5.1174
4392,5.0744
4393,4.2892
4394,4.2844
4395,5.3502
4396,5.5501
4397,5.5633
4398,5.5784
4399,6.0868
4401,5.8974
4402,5.9008
4403,5.5147
4404,5.609
4405,6.5299
4406,6.5311
4407,5.9137
4408,6.0968
4409,6.5128
4410,6.3822
4411,4.9636
4412,5.158
4413,5.122
4414,5.1924
4415,4.0796
4416,4.3419
4417,5.6394
4418,5.6127
4419,5.1762
4420,5.314
4421,5.2508
4422,5.2864
4423,5.8603
4424,5.9421
4425,5.4842
4426,5.1856
4427,5.614
4428,5.3111
4429,5.1293
4430,4.9644
4431,5.3493
4432,5.07
4433,4.8762
4434,5.2712
4435,5.472
4436,5.0216
4437,5.3499
4438,5.6432
4439,5.8835
4440,5.6071
4441,4.8484
4442,5.2591
4443,5.1193
4444,5.032
4445,4.9615
4446,5.1552
4447,4.5558
4448,4.5359
4449,4.9165
4450,5.0654
4451,5.3394
4452,5.4818
4453,5.2978
4454,5.436
4455,4.9593
4456,5.2016
4457,4.8993
4458,5.2966
4459,5.4434
4460,5.4974
4461,6.7102
4462,5.9973
4463,5.677
4464,5.4636
4465,5.4058
4466,5.2133
4467,5.6846
4468,6.1173
4469,5.3924
4470,5.2995
4471,5.3642
4472,5.4499
4473,5.9642
4474,5.9245
4475,5.8203
4476,5.9757
4477,5.9734
4478,5.8723
4479,5.8399
4480,6.0311
4481,4.9586
4482,5.0781
4483,5.1259
4484,4.8435
4485,5.4118
4486,5.674
4487,5.3636
4488,5.4446
4489,5.2266
4490,5.1902
4491,6.262
4492,5.7799
4493,6.342
4494,6.1062
4495,5.9314
4496,5.9425
4497,4.9313
4498,5.0042
4499,5.6964
4500,5.8015
4501,5.0405
4502,4.8424
4503,5.1073
4504,5.2344
4505,4.9382
4506,4.9301
4507,6.256
4508,6.2164
4509,4.9791
4510,5.0009
4511,5.7621
4512,5.5996
4513,5.1381
4514,5.4223
4515,5.3709
4516,5.5897
4517,5.9554
4518,5.7544
4519,5.3931
4520,5.5054
4521,6.189
4522,6.0311
4523,5.1114
4524,5.1088
4525,4.5324
4526,4.8752
4527,5.5473
4528,5.6887
4529,5.3474
4530,6.0121
4531,5.1716
4532,5.0446
4533,7.082
4534,6.6834
4535,5.6337
4536,5.9962
4537,4.8671
4538,5.4606
4539,5.3006
4540,5.2358
4541,6.0706
4542,5.9336
4543,5.2678
4544,5.1897
4545,5.5259
4546,4.608
4547,5.5301
4548,5.4653
4549,5.2599
4550,5.089
4551,5.3063
4552,5.2214
4553,5.2499
4554,5.1772
4555,5.6497
4556,5.6988
4557,5.3196
4558,5.5153
4559,5.8784
4560,6.39
4561,5.914
4562,5.8975
4563,4.8784
4564,5.394
4565,5.716
4566,5.9327
4567,6.0211
4568,5.7601
4569,4.7401
4570,4.9978
4571,5.2347
4572,5.6341
4573,5.657
4574,5.7963
4575,5.591
4576,5.5378
4577,5.7265
4578,5.6274
4579,5.5645
4580,5.1341
4581,5.8194
4582,5.9297
4583,6.3412
4584,5.9897
4585,6.2875
4586,6.3864
4587,6.1651
4588,6.1522
4589,5.3305
4590,5.1571
4591,5.1963
4592,5.2766
4593,6.069
4594,5.7035
4595,5.5181
4596,5.5562
4597,5.6916
4598,5.8179
4599,5.849
4600,5.5718
4601,5.7723
4602,5.5451
4603,5.5569
4604,5.5537
4605,4.8814
4606,4.9997
4607,5.6309
4608,5.5637
4609,4.9915
4610,5.3115
4611,4.6644
4612,4.5667
4613,6.1749
4614,5.4176
4615,5.1591
4616,4.8492
4617,5.3553
4618,5.6885
4619,5.1927
4620,5.2237
4621,5.4355
4622,5.4819
4623,5.8032
4624,5.1689
4625,6.1308
4626,6.2533
4627,5.8162
4628,5.724
4629,4.9478
4630,3.918
4631,5.3287
4632,5.0191
4633,5.0158
4634,5.2834
4635,5.8663
4636,5.6215
4637,6.4276
4638,6.3511
4639,6.3235
4640,6.1307
4641,5.6339
4642,5.4721
4643,5.2486
4644,5.9554
4645,5.538
4646,6.0023
4647,5.2767
4648,5.5565
4649,5.5677
4650,5.7237
4651,6.0735
4652,5.9838
4653,4.9776
4654,4.9718
4655,5.0796
4656,5.1913
4657,5.153
4658,4.7489
4659,5.1379
4660,5.24
4661,5.6266
4662,5.6043
4663,6.9898
4664,6.7384
4665,5.3685
4666,5.1393
4667,6.0286
4668,6.0059
4669,5.9929
4670,6.326
4671,6.1533
4672,5.6737
4673,5.7993
4674,5.9221
4675,5.2419
4676,5.4291
4677,5.5933
4678,5.7282
4679,5.4849
4680,5.0188
4681,5.4944
4682,5.4068
4683,5.5593
4684,5.528
4685,5.484
4686,5.2575
4687,5.4418
4688,5.4736
4689,5.6192
4690,5.7259
4691,6.3058
4692,5.8198
4693,5.7529
4694,4.7543
4695,5.4354
4696,6.1007
4697,6.0356
4698,6.2467
4699,5.3058
4700,5.466
4701,5.1587
4702,4.9703
4703,5.5028
4704,5.3992
4705,6.2038
4706,6.1798
4707,5.2375
4708,5.4163
4709,5.7442
4710,5.8598
4711,5.5877
4712,5.8597
4713,6.3286
4714,6.2489
4715,6.121
4716,6.3038
4717,5.4346
4718,5.4506
4719,5.1639
4720,5.03
4721,5.6291
4722,6.4019
4723,5.6838
4724,5.8367
4725,5.6887
4726,5.6377
4727,5.7289
4728,5.7689
4729,5.8796
4730,5.7162
4731,6.5906
4732,5.3052
4733,5.6324
4734,5.4778
4735,5.0171
4736,4.4668
4737,5.0421
4738,5.4538
4739,6.2758
4740,5.9438
4741,5.779
4742,6.6055
4743,5.2109
4744,5.0105
4745,3.9047
4746,4.6617
4747,5.4905
4748,5.3852
4749,6.386
4750,6.3531
4751,5.7982
4752,5.8609
4753,4.8785
4754,4.7707
4755,5.1888
4756,5.4233
4757,5.5641
4758,5.0403
4759,5.6332
4760,5.6906
4761,6.2636
4762,6.5382
4763,5.4409
4764,5.2497
4765,5.0205
4766,5.9867
4767,4.9198
4768,5.1783
4769,5.8607
4770,5.9669
4771,6.1595
4772,6.3207
4773,5.4862
4774,5.825
4775,5.1929
4776,5.5014
4777,5.7611
4778,5.4085
4779,5.1473
4780,4.9034
4781,5.8723
4782,5.2443
4783,5.4361
4784,6.0571
4785,4.7982
4786,5.3932
4787,6.6192
4788,5.946
4789,5.5384
4790,5.5086
4791,5.5288
4792,5.4785
4793,5.779
4794,5.6492
4795,5.6363
4796,5.4604
4797,5.3935
4798,5.5462
4799,5.353
4800,5.541
4801,5.558
4802,5.6038
4803,4.8908
4804,5.1893
4805,6.8075
4806,6.6629
4807,4.9272
4808,4.9811
4809,5.4471
4810,5.8113
4811,5.263
4812,5.5455
4813,6.2636
4814,5.1003
4815,5.4854
4816,5.5569
4817,5.8749
4818,5.3807
4819,5.3301
4820,5.5622
4821,5.5511
4822,5.4196
4823,5.1787
4824,5.2247
4825,6.4981
4826,6.6449
4827,4.9589
4828,5.9257
4829,5.392
4830,5.2732
4831,6.5808
4832,6.5694
4833,5.4131
4834,5.2725
4835,6.3321
4836,6.0424
4837,6.2891
4838,5.6628
4839,5.8815
4840,6.0452
4841,6.7082
4842,6.5561
4843,6.0276
4844,6.1059
4845,6.0895
4846,6.0077
4847,5.2073
4848,5.0479
4849,6.0686
4850,5.5979
4851,5.5827
4852,5.9187
4853,4.7119
4854,4.7462
4855,5.8578
4856,6.2177
4857,5.4459
4858,5.5592
4859,5.4583
4860,5.8439
4861,5.2057
4862,5.1508
4863,5.6759
4864,5.4816
4865,5.7151
4866,5.9664
4867,5.0179
4868,5.2082
4869,5.5647
4870,5.5671
4871,5.5549
4872,6.3087
4873,5.1339
4874,5.126
4875,6.2362
4876,5.7533
4877,5.3445
4878,4.4167
4879,5.7672
4880,5.5163
4881,5.6845
4882,5.7846
4883,5.2796
4884,5.4125
4885,5.8268
4886,5.945
4887,5.9764
4888,5.9993
4889,5.5725
4890,5.3551
4891,6.1847
4892,6.0264
4893,4.8256
4894,4.6976
4895,6.0101
4896,5.9954
4897,5.8104
4898,5.8357
4899,5.9102
4900,5.5024
4901,6.1029
4902,6.1254
4903,5.7934
4904,5.8767
4905,5.2297
4906,5.2287
4907,6.3147
4908,6.1273
4909,6.0674
4910,5.5866
4911,5.2286
4912,4.9255
4913,4.8318
4914,4.8859
4915,5.5006
4916,5.5204
4917,5.3277
4918,5.6329
4919,5.7881
4920,5.7764
4921,5.9041
4922,5.6335
4923,5.6246
4924,5.6693
4925,5.6256
4926,5.5271
4927,5.484
4928,5.1375
4929,5.5249
4930,5.7224
4931,5.2847
4932,5.0053
4933,5.3459
4934,5.5869
4935,4.8239
4936,4.8219
4937,5.7019
4938,5.5269
4939,5.3273
4940,5.3267
4941,6.0834
4942,6.1019
4943,5.1907
4944,5.0829
4945,4.5953
4946,5.1407
4947,4.9998
4948,5.8761
4949,6.2915
4950,6.0032
4951,5.762
4952,6.2033
4953,4.9257
4954,5.7759
4955,5.6504
4956,5.8931
4957,5.2749
4958,5.4407
4959,4.8444
4960,4.4604
4961,5.0547
4962,5.7118
4963,5.7373
4964,4.9991
4965,5.5663
4966,5.5692
4967,5.349
4968,5.5854
4969,5.6115
4970,5.5691
4971,4.8288
4972,5.3454
4973,5.7096
4974,5.6602
4975,6.0426
4976,6.0441
4977,5.5294
4978,5.9888
4979,4.6358
4980,4.6003
4981,5.5465
4982,5.5463
4983,5.7985
4984,5.6307
4985,4.8758
4986,5.3695
4987,6.195
4988,6.4238
4989,5.9677
4990,5.7809
4991,5.203
4992,5.6101
4993,5.1969
4994,4.9832
4995,5.5417
4996,5.5752
4997,5.5565
4998,5.1948
4999,5.7919
5000,5.8495
